52634212666
52613676356
52486000744
52278389845
50961677570
34442427074
20782122121
52832258212
52831466168
52634357386
52586677315
52663114133
52673641123
52467885239
52439322118
52258967606
52259847475
52266822878
52271005929
52281989406
52174412754
51932934132
51870509041
51908676814
52009284328
51394590835
50328717397
49563149979
48519581144
48422043511
48398922552
45327372896
37856532675
19205115482
9446597199
7223496196
52804422775
52806030398
52620734419
52627437972
52633453400
52666681847
52670537799
52445327606
52472363898
52474123799
51200492450
51278425678
49989887687
49420144624
48397387756
48336130632
47562069148
45031690354
38943407180
11058625115
6058001980
5990367587
314246055
52817061285
52605790924
52621230528
52586102266
52637957091
52637332988
52662602172
52463869518
52269526699
52280933778
52282069691
52289004886
52296964285
52299923706
52095395584
49043132539
48079957822
47413460221
43509119850
28405795912
52805310669
52819729938
52631605581
52647001544
52461989759
52468604891
52477698467
52263007168
51571095027
51243482284
50316450196
52619982521
52679344777
52465901250
52280061768
52292916613
50803825719
48776133144
47243291067
46890126546
46971729154
46320318927
42242926092
8633252535
52825355341
52607367665
52621982307
52627997924
52634701326
52668649314
52680320573
52466757134
52469100913
52472692388
52481474287
52398784221
52268462668
50846274798
50259479786
49441035661
48859523505
47778241093
12978471611
7032807448
6328561710
4804527042
52806038218
52811821467
52826954538
52615102883
52620174407
52596134263
52632909491
52636381227
52651371396
52654922926
52451662904
52458701842
52465381342
52480514445
52264151200
52264463039
52271310474
52271094367
52280517903
52291812372
50826733614
47412299452
39775665053
39284662870
25622892641
10336172827
6067659139
52803918730
52805806323
52822244443
52825579594
52607999642
52611487347
52623398355
52643204310
52648051783
52656274714
52662682195
52667177864
52455406248
52458030208
52478290442
52479818376
52479210228
52490488340
52260551679
52259463624
52191814547
52281421666
52288372917
52303379696
52303603219
51361062192
49899898632
40846092316
40743585230
13816876807
877550489
52812317722
52815421540
52626749862
52643276484
52650395597
52654418785
52667713763
52454246472
52450262064
52477658740
52479730263
52261559433
52266638942
52275614200
52275133907
52291652660
50945176897
50753598238
49940903094
49412583186
49076287446
9397361252
8444272865
52833416063
52615087046
52633141496
52654058810
52455918342
52487680439
52255927838
52284421477
49283136970
30068526395
29863666953
9483149643
52636114821
52670169630
52456718437
52461789796
52486288480
52492104121
52291500926
52223768787
51819537520
51211650435
48744086146
48684462779
47174026197
46324179982
33521726891
5798817517
5577399770
52810757939
52608279688
52614719121
52627445864
52640004850
52478570420
52259639542
52248416383
51873845027
51421516868
50796034551
45889997168
38731078249
19029677589
17890654403
5681999877
52819700978
52828802445
52631077682
52642892543
52642164491
52661058400
52674529198
52650160699
52418527898
52439887689
52427542480
52458582084
52180654544
52275773898
52249228769
51846479902
51622498897
44323971836
41485842683
32315534474
27314718165
10446098633
7210423138
5788691185
52843384022
52655034776
52256327615
52270812323
48866223095
45652722443
32821642801
22993617250
21896199714
52800207321
52607367709
52615062817
52622413803
52645044093
52656626658
52677089119
52465037571
52477770617
52492272159
52262663429
52167039192
52263406907
52225022885
52273222326
52279189878
51625667309
50738285600
47925679616
46863962389
21395792529
782137149
52800846600
52607655641
52658618512
52659594452
52624410091
52674385127
52477610577
52261935034
51909681789
51155752025
46720010237
44686066708
14012884804
8117471052
4318948055
4146921287
52643876207
52644131460
52446751931
52454478373
52464749464
52469236787
52351649889
52294484299
52297803932
52239706950
50773251818
48028468907
47732275725
46862662203
46227122533
43877304039
27768619522
52801391238
52806598282
52821996635
52642228678
52455238491
52457589333
52240439590
52275342236
52179269072
49939694788
48586942187
44427118596
8283737028
52811189817
52616022559
52628957789
52637637239
52639636753
52665097755
52492472055
52263767142
52266110887
52285621315
52295004381
52301731546
48744649268
18879389572
16836591803
2106208621
52819477021
52674209141
52476042681
52481370121
52257351729
52259279626
52292508437
52301068029
44097597775
11948142036
52825947048
52826450791
52837281776
52620070516
52629169623
52466245148
52473458845
52476746682
51179906230
49047788168
46773997514
46491196639
44054475831
35205053648
6957593986
4150592442
52809270033
52617990721
52627013923
52457118376
52460110068
52286861240
52294220587
52291777321
47730865742
32556269016
25720301913
3229745543
52624396964
52637857482
52485073600
52486417495
52255926854
52236638750
52281397555
51771425609
51415082047
50827517694
21544649785
52800079313
52811397899
52844664017
52609591643
52620478476
52657850678
52453054528
52441444892
52474035042
52487632478
52490688293
52254543991
52253567871
52263127363
52278549858
50211654569
48756123286
47222322265
1156913958
52803742769
52804918547
52807990170
52810365995
52815269372
52657074784
52646905617
52474252200
52470796042
52476370946
52475146696
52480362276
52475361932
52494496100
52266198729
52271646479
52288701154
52168649197
47156359985
39366913771
1331676050
52820740135
52840088347
52844192002
52610695479
52611855395
52647995811
52444759831
52485146080
52216943622
52267678762
52273942397
52030397665
48554740869
48192277633
52826922749
52626365967
52641484679
52652075382
52451511091
52480282382
51747329434
49538716442
48267935344
46001656614
43136270801
25689657999
1633565255
52815989341
52839232494
52841080112
52844592087
52606383850
52615382882
52622038210
52625974079
52648555931
52649619730
52672209446
