52823940236
52833170132
52655458899
52659042565
52647001544
52453773900
52177941460
52299051946
52239706950
50050433698
47222322265
40868237487
37856532675
25720301913
14509979200
13321266621
52831786233
52819729938
52626589916
52484817849
52489784485
52259271594
52155655572
52155014365
52263445902
52285933291
52298124000
50848033743
50569751584
49628116793
49022088417
46134310005
41448118262
38965391995
36280955648
28137667085
27314718165
26191846108
25366389471
12287910688
11885795467
6621578219
6058001980
3261243957
269633406
52805526649
52808534067
52605527804
52607895787
52628597855
52632293118
52667937424
52677856792
52677240750
52479818597
52398528100
52290388912
51760248841
49364106967
46285308279
44649504742
44272895856
12999346796
52804590794
52844016039
52624212953
52619068801
52681248035
52452494505
52479610406
52276670244
52289253147
51279258302
48322823593
33397678760
27167010595
9127635587
9054038512
6184354073
52804398726
52826379144
52610021657
52656730780
52627538471
52484465246
52493680016
52257279711
43509119850
27776704370
25739877445
23087606705
52826539000
52843112134
52567942505
52642252631
52490288373
52286293324
52299259994
51996830161
47562069148
43540500809
14657082349
2911260230
645747736
52811125950
52813253678
52815893283
52821564768
52452518459
52256455787
52261695470
52298729677
51619980814
50377498921
20580309391
946508411
52811909827
52637204839
52653491178
52672457598
52676672944
52462125833
52270230783
52299219795
52301091661
47459747258
45182822338
34942060576
16491620580
9397361252
52819193988
52609839554
52650275739
52265015150
52174412754
52011043898
49577292597
49580169404
44034967896
18104723932
9168744746
52817882271
52831225970
52834945873
52655738794
52673809324
52467877035
52258110787
52293132435
52300899717
52228240522
48171172590
22355965728
14541614380
13086023754
7129766473
4132581588
2972896168
52829826296
52821530269
52835953698
52617086801
52633813533
52635461212
52654634996
52446559613
52180205512
52302379596
51720624245
46232182522
37811775670
52800287332
52805166732
52824772150
52826514795
52833937938
52611039483
52614174446
52630429697
52637325092
52643084493
52642900408
52441535536
52425656895
52224623752
52278773887
52296892383
7951332146
52807558248
52815797325
52817037228
52607127319
52651475440
52675073033
52448566495
52467101278
52385354686
52483290010
52486136949
52281189204
52293379193
52262075099
38100405915
4214719650
52825124048
52826890729
52834769823
52623987369
52644489689
52677072635
52454910489
52483721930
52253839915
52264846968
52282042723
49761999814
49264117989
49212632632
46218787754
44910126174
236689082
52829714432
52583806894
52624046126
52451462972
52467501277
52261534707
52287324797
42660331484
52800671272
52817525237
52642276525
52652491322
52673169457
52453758885
52454678450
52256663943
52258959313
52282525562
50570176197
46878680448
44989709528
33873140464
15228466152
52606231842
52573734917
52628685832
52570612032
52579363806
52663738108
52664770084
52450376633
52493656016
52219607533
52296874387
49863563851
39378414688
31293469386
30266007905
12533604129
8451265936
7788947548
5321286766
2212881196
2265848994
52800087316
52804456193
52625901965
52649475478
52652866717
52640969760
52444719676
52450007540
52473010335
52492400276
52283533522
52294620405
51268037886
50290441847
49142112254
47931010020
47157878317
23304293598
21510713886
52614638905
52608918901
52647483939
52451375188
52457154528
52276845990
52276589892
50788311408
49348114147
43541179931
7116124591
6347824865
52800471344
52818069171
52647963945
52650379541
52279197772
51658737065
47764632898
46945977630
1278037453
52805790446
52808206195
52829346313
52610255298
52635364666
52643380405
52649355549
52632722846
52478554453
52485049899
52096214585
52279821752
52289748907
52301795669
40217981193
33418608158
12392438362
7635547868
52815796136
52834361979
52629701710
52657714696
52671473749
52669385625
52455430441
52459774089
52478882484
52489696434
52278645899
50748411323
49737455252
44786517047
44265217038
31555520663
8961157806
1998528342
510577841
52802143149
52807454240
52809533977
52821716749
52822652499
52662434301
52034547538
51200524074
49071408531
48440018959
35066438660
10586447536
4567774657
52819261037
52828562545
52613007086
52663962266
52456862155
52293529196
50696967760
50222691195
45499821699
52815469390
52615038996
52639412892
52661082358
52614578325
52665249952
52675289155
52675664794
52679504090
52458718076
52470716682
52481162275
52180255399
52265934905
52266214776
52279421914
52151995070
7137725542
4288583052
1464276023
52800887289
52828554365
52599278975
52625438058
52633461495
52632285474
52664170180
52668449773
52456038343
52416720735
52266518846
52287397119
51562774444
46892176516
45621417609
1482241064
52830794161
52839440362
52843184059
52629413770
52444175855
52446879532
52465757166
52281549725
52296548370
52300123762
47909617134
36123714257
29874494548
1425019260
52616166822
52633677446
52647300029
52657522736
52661970387
52666681872
52465717166
52025569866
49584384792
49072325016
45233180967
16566620272
10322140700
31302558
52825370628
52836385784
52622214469
52649283722
52586905777
52477234680
52462114400
52456962359
52270686538
49830793020
48832180723
47856312883
46450611507
44066328456
39955876743
8157519173
7935314828
52814605483
52818020836
52834370024
52624502110
52645604194
52650115687
52679496494
52468485036
52475826564
52254735767
52258983606
52277238037
52280693695
51200495554
51052543453
52810901893
52829114436
52650275792
52663378198
52664610004
52301003895
51970507792
48639272843
45625072952
36151318582
52814349509
52818437186
52615974888
52482698123
52276949068
52286076638
48630058788
44375102829
28511888975
15877292521
6798668196
52812493142
52818764979
52617910702
52620062444
52660810352
52459637982
52493808042
52265142974
52282117373
52253946407
44360790909
40212126667
10023412249
4531293785
1281886931
52829186288
