52828170372
52837761296
52623662395
52629621717
52632213466
52636181204
52638460879
52444175817
52452798948
52461941878
52447635433
52252759806
52261639336
51421516868
51299241481
37075947910
16108384514
9216625142
8060976374
3662069900
52807910194
52810197986
52821156782
52679192625
52449855311
52461573823
52298795721
52300035142
51155676270
49578033615
46653433983
44135040405
32177707321
23649933669
15554038966
52607535742
52613015080
52622038449
52616398269
52254303934
51101700086
48812885094
47864738889
45999259076
9164280622
7311148891
52608143604
52641676739
52644364330
52649811639
52670969502
52674377131
52287117421
52299204218
50264886091
48285195165
4138637388
52838872183
52628973771
52648561336
52446471717
52448759491
52455734500
52278173669
52297572216
50013230582
48480722101
26180973207
15929389576
7407016175
52808038188
52611247355
52618302269
52627717853
52659522520
52255823922
52263087163
52268470837
52273004075
49310933365
49046756882
44313815136
10387402914
52632789575
52650667600
52651339323
52466165283
52482402131
52277861938
52289212886
50342316819
44566024804
32728479402
52637989225
52665241991
52453390747
52459438011
50282467654
33229601727
29152667563
411345662
52809758040
52823164534
52670289713
52445167684
52481482311
52275054284
52234019594
49564743578
45370010218
5473059481
3560844397
2998881646
52606407414
52623892858
52653011344
52647763131
52451551066
52471660548
52473419699
52479234364
52291508693
52298452229
50345784312
49864753340
19805492788
16616712575
6759485069
1814060532
52618262634
52630717609
52416046028
52460189926
52431061317
52472634543
52483713960
52493240253
52283645542
50646233982
30083537262
15912949151
7600421407
52801047294
52840800260
52638173034
52664482003
52298228068
50261538985
36569451864
8457229766
5681999877
3990224809
52623798226
52664810026
52454414317
52459302241
51512140197
45073473662
36173278246
24308555165
11300549416
4763173375
52838040105
52662162283
52456270261
52466917195
52437579100
52484434077
52268662689
52283413374
52291860728
6844016470
52630117670
52657754789
52452926334
52457854123
52466237389
52467821248
52479530282
52255807999
52266902718
51778559568
51254414506
49858738891
47669958079
44898451363
6099174923
703602888
52806758333
52827354732
52836161840
52838616585
52801832040
52609479611
52665258037
52468445362
52478306620
52284597477
50664421144
50369138188
52808878123
52820300969
52827322741
52827058739
52842512298
52604415357
52456606198
52461773997
52280757586
49802709710
42133546096
5797747260
52804302832
52821700737
52829186441
52832746009
52600420375
52462053870
52467813141
52473340349
52484546035
52014982583
51279062580
48683509346
43885799193
36148153725
4189081447
40196855
52824916046
52629045841
52666513949
52452343077
52259783073
51094266296
8166780394
52840960348
52670297713
52455494370
52464629519
52473684439
52429594631
8267297873
52801407232
52804230839
52645580325
52650219827
52483298128
52490344534
52264174995
52229510854
52288877154
49423441422
5463423684
52607623799
52485145750
52286333410
50381908654
48632492174
47885647558
47491624340
9207669369
52806518319
52826690795
52829826375
52843320191
52288403890
51627945453
52804342765
52824708335
52834506024
52834209986
52627470000
52665506146
52451982976
52458966239
52469140909
52473043846
51743206503
51328220870
43219091091
52804646729
52655419149
52483466187
45607821050
52809733979
52624206120
52256863740
52260767469
51170428594
49959056286
44452922943
11607057270
3467778517
2203401505
52844496003
52610135460
52612599340
52627517878
52663178102
52670337666
52681528147
52446463717
52464549449
52257807552
52276118206
52280949850
52250909818
52260483647
52210457509
46015923680
44091831642
303486661
52806902342
52826986690
52629549735
52637069028
52680992249
52443175862
52474139433
52427922023
52254927767
52281045727
49735551596
1169020949
52843680038
52630997714
52651811380
52265270931
52275566249
52042558934
49175957583
49035184846
48911661556
47149056781
44036131833
34989456902
21850583303
21442178842
4954837958
52806462325
52669273721
52475154522
52257719737
52285653533
47940987974
28326849740
52672249313
52678024891
52462069831
52467853248
52283781610
52293684598
52295308317
52295660240
48445884099
35121144238
187345199
52804342850
52815069467
52609807565
52619126745
52672249533
52459997969
52257023918
52260214848
52269438662
52279125808
52245413328
49648605501
52813021749
52836609786
52606343943
52619118513
52443887873
52493808150
52266854914
48916581813
9156078330
8976892047
3246129796
52841480339
52622286432
52663050104
52462765628
52487360523
52294108365
52246315649
51881813086
46992469134
52297785097
51413109325
49546931294
49069527751
46858945813
32574109657
30720147233
3248805565
52616766808
52635589315
52637676984
52665257991
52338975635
52464197483
52426293135
52294876141
51617200828
51286904340
48530422448
40603672216
33251883577
21861793943
10957739554
6754274173
2124759319
52598878630
52606581832
52653387214
52678896746
52456438385
52257191444
52286029480
52284349351
51319650188
49093915990
48067231799
46676337833
28591902414
24822182732
52843192069
52630213711
52646852020
52471954437
52259935744
52269014659
52270222545
52217062335
52294468588
51713342162
50862706413
45127510428
5704924091
52837888699
52615526933
52666633879
52669929821
52475042728
52225374792
52298475844
51982445801
48199182194
12336434910
11584222325
2286714714
52607263712
52629253777
52454790471
52460400439
52256951827
52268182809
49152289741
45211069455
44015207437
36594982223
22610430519
15922763000
8955982036
4576753677
52803886765
52808638095
52821740834
52613495340
52619046695
52621446462
52443639958
52459430011
52466517371
52480178194
52490944279
52258087692
52290332931
45468944487
52827986592
52665562028
52682568059
52456382209
52300137200
48751573192
44775701723
8458153114
52638501147
52652163395
52674521286
52355615335
52447543241
52475818671
52492528247
52257183733
